3310626790738035371582691623264961650297766281504753322470041354301153003660054417151260509919939309326883070721169407315637116237455079244826758791913117225874859779682414786047513993508882856628816780227220424511226402087261021390990364865764788422479215977749547967419147158414487975335220842388874208265587245604116056255641915970514783361862702062203249429311515832857091261988634394489062392458208558421778272823664054865716858358582341694073092110776474411675045902006582754096610149604195798628575649622099
2752856090408099346878029761059033963274177078614885817107831021596076487158877490235531339053495171575031072116405361938109435602046023842029314093189044446329955375330846594330539842481408017282958210193252580364766896239782546259820512091518434169096208469892995535305638669650952663204552473111620046759045486077643336227393865461193576482554647292358452902972134795301732085867018294429154744978818255339303590188283802407495531853713245862470002976113861095650338621786847333652121967855310633370252775586511
1565425182867544244268420442324220784357128563458207575808980314478979918356664233389572272046499614027782413316315454002246280024275039657485858972357812307160395498216218063894878978600568271878227927960362204959254893518561985196175582553539009717997217928545564775577532086614008288605682374167028552301177356752060882647638188803336969401867147897305121821564295075311779946750784231658965192513790389672920097882243290558563001831782342828416120314649485616468674309157705985082332412765092800663019777927526
3852164607973120260110287323275383343233921748861108031797728471768064434699276318351738957585487562589380822676147723473555056769156434997132643636577522119141689174084373826134030305805326581738577313693287231327746622997708904468136246622385238999473150087272857160203989138655972065739428564738207509254416241996066118577540118908455078757873551750179456064915455062008651425955378715723411839364750156442235934239573773306995413948597162289449044790128611431315608173479620748692396023242655233829373788729697
1139154112774784409110985149808417099193796067882690267145376126612138639425152110187319097313366058992409742243337411012504823433701169903229664583305687074431410092259468036285496807826751435970282847168935162970344055267035246400772910139545991052443475722739682626843215667059745111807496809961021090840295197120639903517320576111951202657137820145507797160533517984206828242934601109191735222673872885281966622653440578253240188685454764348364787911003553250325709428007664773374272310065521670802934689522361
2526922594991475691793901790966269202141760847062045548574834626402571462400905748434901426103903474353110437669225387118715641988510210330568175201438758709357447562504768304063514032173226305763430495262459338361462441974484710134746956585487358082765072727466577050874266426112358460584998056258670358636680343745711832234396828004558922810931489298967538078229580273917870692881079923131025848903798005773340392663745106695966910309023721824284461759400659467581614674247351939188169860884706804234104169877610
3901690650069295045294500491565347623413622107515250626384607476225640716785345415541078050903993618315168503676303056664973424296205721141160693620179304548109297689064306760117624395902887696979504024612874294768274489285782294783012284649141492143920312420830091516080047688322795864079242964179320534018799320874712530706567542564233948105948360608672751157374883791482033907269031114996793094737025950818684219410929820970862869901070051025705303327668779080805074865824128899564347886273247944264129018470579
1139154112774784409110985149808417099193796067882690267145376126612138639425152110187319097313366058992409742243337411012504823433701169903229664583305687074431410092259468036285496807826751435970282847168935162970344055267035246400772910139545991052443475722739682626843215667059745111807496809961021090840295197120639903517320576111951202657137820145507797160533517984206828242934601109191735222673872885281966622653440578253240188685454764348364787911003553250325709428007664773374272310065521670802934689522361
3965397593977471379313384404311457249024593441101161007954240942847899872897390349686660287034745403698800961544006171477437927768636225566211508006832733882559089855814616231560990913693221730009639113884029517710827492082253208150297475800922893448979023596685084544330332356066879802748481657078607454060164508796013622623354295343290931241941292271908967370649129512809142948801725053952954767676499034384434795592746081885843664006975393858690210109215414908250567446663035527558026811543340799930704248770596
1761560382522489526094454485394878561529805721938571488512493673871245668288591263513249698565658226288495790250029115726326806522576748877918641264377589661428845379620625481387839182211250913928920335690650614203129322499038621954034449919728966469209786806387207012652328938379511426070741882104634730934182434760646693394588936521877645411508333114417553705095148662012400754963432462774815416908692038041637531026036739286927388361945458145009649503318666950486637786444533317937750239934003993933050233432436
2526922594991475691793901790966269202141760847062045548574834626402571462400905748434901426103903474353110437669225387118715641988510210330568175201438758709357447562504768304063514032173226305763430495262459338361462441974484710134746956585487358082765072727466577050874266426112358460584998056258670358636680343745711832234396828004558922810931489298967538078229580273917870692881079923131025848903798005773340392663745106695966910309023721824284461759400659467581614674247351939188169860884706804234104169877610
3965397593977471379313384404311457249024593441101161007954240942847899872897390349686660287034745403698800961544006171477437927768636225566211508006832733882559089855814616231560990913693221730009639113884029517710827492082253208150297475800922893448979023596685084544330332356066879802748481657078607454060164508796013622623354295343290931241941292271908967370649129512809142948801725053952954767676499034384434795592746081885843664006975393858690210109215414908250567446663035527558026811543340799930704248770596
4250956588200031652469530327475296495397864650018241783674233727458220636525161773584397952599565654289058646574386855318181441258067007941730240488195561370382417832365672606628861220030826312839090369093852452819330768271511623079804107612914754583826873754101840192144577286372940024743112112655724628845002543514685971542365982538039112322721958172150262555555383670290555185871392882169331679332342712066404002697366610634682445976066590286360157847448679102710772896245352378581112354843450725916682669542
3852164607973120260110287323275383343233921748861108031797728471768064434699276318351738957585487562589380822676147723473555056769156434997132643636577522119141689174084373826134030305805326581738577313693287231327746622997708904468136246622385238999473150087272857160203989138655972065739428564738207509254416241996066118577540118908455078757873551750179456064915455062008651425955378715723411839364750156442235934239573773306995413948597162289449044790128611431315608173479620748692396023242655233829373788729697
352399931766734395895849406328722873522313544110932495479303005996625827278607211004886920816450463797316383943228132467241522482279515132064214443473656253865050745947733335272807364561591367908831513505808179787139133019905517388867545479462062786401232766074721000069062205351152115435445737135294621540934069574704067129200320463762281734250601955791331355781849187992520835999865065956383184065825876807519804459366879906313479066404104391693552698077117250889728264454245164036199661026871246104595024360338
3852164607973120260110287323275383343233921748861108031797728471768064434699276318351738957585487562589380822676147723473555056769156434997132643636577522119141689174084373826134030305805326581738577313693287231327746622997708904468136246622385238999473150087272857160203989138655972065739428564738207509254416241996066118577540118908455078757873551750179456064915455062008651425955378715723411839364750156442235934239573773306995413948597162289449044790128611431315608173479620748692396023242655233829373788729697
2526922594991475691793901790966269202141760847062045548574834626402571462400905748434901426103903474353110437669225387118715641988510210330568175201438758709357447562504768304063514032173226305763430495262459338361462441974484710134746956585487358082765072727466577050874266426112358460584998056258670358636680343745711832234396828004558922810931489298967538078229580273917870692881079923131025848903798005773340392663745106695966910309023721824284461759400659467581614674247351939188169860884706804234104169877610
2858195862462421696544790335932285321049308531763929302659376641762514380731879659953256675777485126034526257013803041584157851652765269112247058197628509606521245112603137206673021045066064098820684771263123653609821879184453781943775498381579100912903383392495943168055499541609112799687898243086046818640912526215623148353283544992192567252799993210609935744369493056221372536380370525889521343144716959406410972328433026211006935626391750216247521616170185424802099765178972629784791151087477424479137950134703
352399931766734395895849406328722873522313544110932495479303005996625827278607211004886920816450463797316383943228132467241522482279515132064214443473656253865050745947733335272807364561591367908831513505808179787139133019905517388867545479462062786401232766074721000069062205351152115435445737135294621540934069574704067129200320463762281734250601955791331355781849187992520835999865065956383184065825876807519804459366879906313479066404104391693552698077117250889728264454245164036199661026871246104595024360338
3852164607973120260110287323275383343233921748861108031797728471768064434699276318351738957585487562589380822676147723473555056769156434997132643636577522119141689174084373826134030305805326581738577313693287231327746622997708904468136246622385238999473150087272857160203989138655972065739428564738207509254416241996066118577540118908455078757873551750179456064915455062008651425955378715723411839364750156442235934239573773306995413948597162289449044790128611431315608173479620748692396023242655233829373788729697
3901690650069295045294500491565347623413622107515250626384607476225640716785345415541078050903993618315168503676303056664973424296205721141160693620179304548109297689064306760117624395902887696979504024612874294768274489285782294783012284649141492143920312420830091516080047688322795864079242964179320534018799320874712530706567542564233948105948360608672751157374883791482033907269031114996793094737025950818684219410929820970862869901070051025705303327668779080805074865824128899564347886273247944264129018470579
2858195862462421696544790335932285321049308531763929302659376641762514380731879659953256675777485126034526257013803041584157851652765269112247058197628509606521245112603137206673021045066064098820684771263123653609821879184453781943775498381579100912903383392495943168055499541609112799687898243086046818640912526215623148353283544992192567252799993210609935744369493056221372536380370525889521343144716959406410972328433026211006935626391750216247521616170185424802099765178972629784791151087477424479137950134703
2948591748091349886100644364183574092026403998859463503143464827486092281942786729513781511661358367248375111819907962508459769012799673991043174854158568083954644140432997962592624447907496271757699056364001852396307169097698787778160910837061043417842476593922557884716845833040973089940762859330469541897314590597810616877363116291432191095220563860282228810105053295970256338987504312884679822042548245766862007749988139676846720107580449996155337659641699165734831148482324807026777617392440840815043462784815
907201710977253510605476615543117753433078560606517518469889918532243201425544525361505116236634348401777231689946224333422535278495097238800264587122086433254786063092938763928996455431994544773442808964165868728862916691536325327953564411454022146401061584114831752242064087971838596679874974653630741117900440026069007243234406582535405293632829043192002679157806768480975995615602371004184035262869468541102008120893742745981708094257199491331120862824962103446141802816031239109021558417885874315329949043698
3961143185526495564654560093217398624651265953853274203629951726212880375274768088737326313720018926157416516653921592897112237511888494740214531354915560786294274234880870186447720929368989625586148933398190367114556213637640690664992639821735876946658164962808827680551882310772029095049606668996906091230025839173227527040295449487731957356417931101074754445315671313328292049665655267245940599518323057579071535528575952951215389226621205325279215073651272120510832807458781117046172119977874185780982141707685
2858195862462421696544790335932285321049308531763929302659376641762514380731879659953256675777485126034526257013803041584157851652765269112247058197628509606521245112603137206673021045066064098820684771263123653609821879184453781943775498381579100912903383392495943168055499541609112799687898243086046818640912526215623148353283544992192567252799993210609935744369493056221372536380370525889521343144716959406410972328433026211006935626391750216247521616170185424802099765178972629784791151087477424479137950134703
854817641735458586901065283577111317268907393679285872991815300569633921201214787710155589014886841686427473906881153975326962989729048967973305612749000267777597721603964600685261708775793808905665872335550957466968455396495597498392800515203709859428951427342745652528238938020813463175403719266614983323759246917144365273764478739141507204755990376478563859237714066548882088443967365673671036208936076863528497628643176548479177774682626763540379863461069254405004767750725658142752920002705425017298960082024
654865512627485469818662875223109698511887629034850651573284286445720242974053981183340592305565299443314290389661448732965021905408092177915496095306416022936159833382706728270146754657511280457333513826489359421636711093633195238633846042914104202105818555846884800834286955293275677591132545269890003283880324645149480976005534700267924152981069790475423023260917868221232998590519814568514469197882247892066817608767994645592997395694190762844211282779392718910198923052260368133908852674452887137287063030091
907201710977253510605476615543117753433078560606517518469889918532243201425544525361505116236634348401777231689946224333422535278495097238800264587122086433254786063092938763928996455431994544773442808964165868728862916691536325327953564411454022146401061584114831752242064087971838596679874974653630741117900440026069007243234406582535405293632829043192002679157806768480975995615602371004184035262869468541102008120893742745981708094257199491331120862824962103446141802816031239109021558417885874315329949043698
654865512627485469818662875223109698511887629034850651573284286445720242974053981183340592305565299443314290389661448732965021905408092177915496095306416022936159833382706728270146754657511280457333513826489359421636711093633195238633846042914104202105818555846884800834286955293275677591132545269890003283880324645149480976005534700267924152981069790475423023260917868221232998590519814568514469197882247892066817608767994645592997395694190762844211282779392718910198923052260368133908852674452887137287063030091
3852164607973120260110287323275383343233921748861108031797728471768064434699276318351738957585487562589380822676147723473555056769156434997132643636577522119141689174084373826134030305805326581738577313693287231327746622997708904468136246622385238999473150087272857160203989138655972065739428564738207509254416241996066118577540118908455078757873551750179456064915455062008651425955378715723411839364750156442235934239573773306995413948597162289449044790128611431315608173479620748692396023242655233829373788729697
2858195862462421696544790335932285321049308531763929302659376641762514380731879659953256675777485126034526257013803041584157851652765269112247058197628509606521245112603137206673021045066064098820684771263123653609821879184453781943775498381579100912903383392495943168055499541609112799687898243086046818640912526215623148353283544992192567252799993210609935744369493056221372536380370525889521343144716959406410972328433026211006935626391750216247521616170185424802099765178972629784791151087477424479137950134703
3965397593977471379313384404311457249024593441101161007954240942847899872897390349686660287034745403698800961544006171477437927768636225566211508006832733882559089855814616231560990913693221730009639113884029517710827492082253208150297475800922893448979023596685084544330332356066879802748481657078607454060164508796013622623354295343290931241941292271908967370649129512809142948801725053952954767676499034384434795592746081885843664006975393858690210109215414908250567446663035527558026811543340799930704248770596
1761560382522489526094454485394878561529805721938571488512493673871245668288591263513249698565658226288495790250029115726326806522576748877918641264377589661428845379620625481387839182211250913928920335690650614203129322499038621954034449919728966469209786806387207012652328938379511426070741882104634730934182434760646693394588936521877645411508333114417553705095148662012400754963432462774815416908692038041637531026036739286927388361945458145009649503318666950486637786444533317937750239934003993933050233432436
654865512627485469818662875223109698511887629034850651573284286445720242974053981183340592305565299443314290389661448732965021905408092177915496095306416022936159833382706728270146754657511280457333513826489359421636711093633195238633846042914104202105818555846884800834286955293275677591132545269890003283880324645149480976005534700267924152981069790475423023260917868221232998590519814568514469197882247892066817608767994645592997395694190762844211282779392718910198923052260368133908852674452887137287063030091
654865512627485469818662875223109698511887629034850651573284286445720242974053981183340592305565299443314290389661448732965021905408092177915496095306416022936159833382706728270146754657511280457333513826489359421636711093633195238633846042914104202105818555846884800834286955293275677591132545269890003283880324645149480976005534700267924152981069790475423023260917868221232998590519814568514469197882247892066817608767994645592997395694190762844211282779392718910198923052260368133908852674452887137287063030091
854817641735458586901065283577111317268907393679285872991815300569633921201214787710155589014886841686427473906881153975326962989729048967973305612749000267777597721603964600685261708775793808905665872335550957466968455396495597498392800515203709859428951427342745652528238938020813463175403719266614983323759246917144365273764478739141507204755990376478563859237714066548882088443967365673671036208936076863528497628643176548479177774682626763540379863461069254405004767750725658142752920002705425017298960082024
2526922594991475691793901790966269202141760847062045548574834626402571462400905748434901426103903474353110437669225387118715641988510210330568175201438758709357447562504768304063514032173226305763430495262459338361462441974484710134746956585487358082765072727466577050874266426112358460584998056258670358636680343745711832234396828004558922810931489298967538078229580273917870692881079923131025848903798005773340392663745106695966910309023721824284461759400659467581614674247351939188169860884706804234104169877610
567348077109203359911986942493184512988575258173643626343634894648974431335211766165480126452206731615370374091765693668392360338170578283089506950590000874500193642806994459780071373991971924021238213695268318282624909011945939689658106881217833794552044360247936760983827170791524078932202477596480580546789255561994396666052186469087115881181463285214486632131441705291464793352893266754552312386269478502567407787625258011795380644879291927633560510552381433836080907828959226145054907074761619224056230350542
1761560382522489526094454485394878561529805721938571488512493673871245668288591263513249698565658226288495790250029115726326806522576748877918641264377589661428845379620625481387839182211250913928920335690650614203129322499038621954034449919728966469209786806387207012652328938379511426070741882104634730934182434760646693394588936521877645411508333114417553705095148662012400754963432462774815416908692038041637531026036739286927388361945458145009649503318666950486637786444533317937750239934003993933050233432436
1604115317822837451799144002469847475111560773796169483864349902785839761986094753584688559023104860781102581725734427033776032857275822567658651598150119891060316884704833184024862646147958446230563973542601690197138799690418783705668856324463146254601759630259965409407849150222418484966066079581362821352005059549217786512404320328054003119186166113696110500260126153644984500575680908944356122881401560206979862135041243412165219345883408227902110846278559662956020394929943003446199803669383150720867249649781
3901690650069295045294500491565347623413622107515250626384607476225640716785345415541078050903993618315168503676303056664973424296205721141160693620179304548109297689064306760117624395902887696979504024612874294768274489285782294783012284649141492143920312420830091516080047688322795864079242964179320534018799320874712530706567542564233948105948360608672751157374883791482033907269031114996793094737025950818684219410929820970862869901070051025705303327668779080805074865824128899564347886273247944264129018470579
907201710977253510605476615543117753433078560606517518469889918532243201425544525361505116236634348401777231689946224333422535278495097238800264587122086433254786063092938763928996455431994544773442808964165868728862916691536325327953564411454022146401061584114831752242064087971838596679874974653630741117900440026069007243234406582535405293632829043192002679157806768480975995615602371004184035262869468541102008120893742745981708094257199491331120862824962103446141802816031239109021558417885874315329949043698
654865512627485469818662875223109698511887629034850651573284286445720242974053981183340592305565299443314290389661448732965021905408092177915496095306416022936159833382706728270146754657511280457333513826489359421636711093633195238633846042914104202105818555846884800834286955293275677591132545269890003283880324645149480976005534700267924152981069790475423023260917868221232998590519814568514469197882247892066817608767994645592997395694190762844211282779392718910198923052260368133908852674452887137287063030091
3852164607973120260110287323275383343233921748861108031797728471768064434699276318351738957585487562589380822676147723473555056769156434997132643636577522119141689174084373826134030305805326581738577313693287231327746622997708904468136246622385238999473150087272857160203989138655972065739428564738207509254416241996066118577540118908455078757873551750179456064915455062008651425955378715723411839364750156442235934239573773306995413948597162289449044790128611431315608173479620748692396023242655233829373788729697
2858195862462421696544790335932285321049308531763929302659376641762514380731879659953256675777485126034526257013803041584157851652765269112247058197628509606521245112603137206673021045066064098820684771263123653609821879184453781943775498381579100912903383392495943168055499541609112799687898243086046818640912526215623148353283544992192567252799993210609935744369493056221372536380370525889521343144716959406410972328433026211006935626391750216247521616170185424802099765178972629784791151087477424479137950134703
193334828523323912219831808826878392219543557022878905372165865966421951940006254450727104706695540781392299150385656483741050339870313031806645893012786198331144673874910247770493719627410449226056517860232016032389862137305380191971622511901620684734281505460071674729412524005771050092863402299301180990564192663942286309809683574844726553171659690053719423719698203514818804876225581053319169286114227320508112296149847736332808637096700221593149932833623401984001141785058290464318996994611975211905618673118
3649960868588468368163591473089238875882504004286995288879904419794110967943108501453729101927143259149842961204584135057617952710446671056218475973068482928284803810285558254174623886764465397915750648337088721663504860991474027531298562145699145917767787432342861885286348382364910003032139417404339600130773301817410891958981114931190262126085760000141643600102609145582775310714745120234543115410615039040256662873155363829707006439146305744684463915602136132445558822644351160795412354814645143561271477263001
1139154112774784409110985149808417099193796067882690267145376126612138639425152110187319097313366058992409742243337411012504823433701169903229664583305687074431410092259468036285496807826751435970282847168935162970344055267035246400772910139545991052443475722739682626843215667059745111807496809961021090840295197120639903517320576111951202657137820145507797160533517984206828242934601109191735222673872885281966622653440578253240188685454764348364787911003553250325709428007664773374272310065521670802934689522361
567348077109203359911986942493184512988575258173643626343634894648974431335211766165480126452206731615370374091765693668392360338170578283089506950590000874500193642806994459780071373991971924021238213695268318282624909011945939689658106881217833794552044360247936760983827170791524078932202477596480580546789255561994396666052186469087115881181463285214486632131441705291464793352893266754552312386269478502567407787625258011795380644879291927633560510552381433836080907828959226145054907074761619224056230350542
1761560382522489526094454485394878561529805721938571488512493673871245668288591263513249698565658226288495790250029115726326806522576748877918641264377589661428845379620625481387839182211250913928920335690650614203129322499038621954034449919728966469209786806387207012652328938379511426070741882104634730934182434760646693394588936521877645411508333114417553705095148662012400754963432462774815416908692038041637531026036739286927388361945458145009649503318666950486637786444533317937750239934003993933050233432436
2526922594991475691793901790966269202141760847062045548574834626402571462400905748434901426103903474353110437669225387118715641988510210330568175201438758709357447562504768304063514032173226305763430495262459338361462441974484710134746956585487358082765072727466577050874266426112358460584998056258670358636680343745711832234396828004558922810931489298967538078229580273917870692881079923131025848903798005773340392663745106695966910309023721824284461759400659467581614674247351939188169860884706804234104169877610
654865512627485469818662875223109698511887629034850651573284286445720242974053981183340592305565299443314290389661448732965021905408092177915496095306416022936159833382706728270146754657511280457333513826489359421636711093633195238633846042914104202105818555846884800834286955293275677591132545269890003283880324645149480976005534700267924152981069790475423023260917868221232998590519814568514469197882247892066817608767994645592997395694190762844211282779392718910198923052260368133908852674452887137287063030091
2858195862462421696544790335932285321049308531763929302659376641762514380731879659953256675777485126034526257013803041584157851652765269112247058197628509606521245112603137206673021045066064098820684771263123653609821879184453781943775498381579100912903383392495943168055499541609112799687898243086046818640912526215623148353283544992192567252799993210609935744369493056221372536380370525889521343144716959406410972328433026211006935626391750216247521616170185424802099765178972629784791151087477424479137950134703
654865512627485469818662875223109698511887629034850651573284286445720242974053981183340592305565299443314290389661448732965021905408092177915496095306416022936159833382706728270146754657511280457333513826489359421636711093633195238633846042914104202105818555846884800834286955293275677591132545269890003283880324645149480976005534700267924152981069790475423023260917868221232998590519814568514469197882247892066817608767994645592997395694190762844211282779392718910198923052260368133908852674452887137287063030091
1528247780984324584140078206447007486386669836734043589601843350530319874025187243576236461444965897507211664196572507083567531301978835305201137426504971164232076956410507978271132534111507744042007184778720161678239705006129953541095117332669691333733868738722156687539609120145161351781261186054738092009477768251635991172591847083633725962422752117880540135897685657973244804230243994972440435150664202917894465845331243417290352234451640123482082133197558185283514979856552259272968608234612739743846942147599
3852164607973120260110287323275383343233921748861108031797728471768064434699276318351738957585487562589380822676147723473555056769156434997132643636577522119141689174084373826134030305805326581738577313693287231327746622997708904468136246622385238999473150087272857160203989138655972065739428564738207509254416241996066118577540118908455078757873551750179456064915455062008651425955378715723411839364750156442235934239573773306995413948597162289449044790128611431315608173479620748692396023242655233829373788729697
592335994425541831914564099646178590977489705507142668976863148964973496567297090023390398771144137896437709660296893260003530844750692004619722536489321783502131030358627102468177531383439940376870247171601264793867603222947898888552672468213697180621125602321365519562888776985942777101140407232410948709984282759434524615442170854739788733906725279241237095045458622812112748589275027743312472497085128848184652590571485628611903135526809507612684418965823479297916053491508479483278299727161268864050505301860
3852164607973120260110287323275383343233921748861108031797728471768064434699276318351738957585487562589380822676147723473555056769156434997132643636577522119141689174084373826134030305805326581738577313693287231327746622997708904468136246622385238999473150087272857160203989138655972065739428564738207509254416241996066118577540118908455078757873551750179456064915455062008651425955378715723411839364750156442235934239573773306995413948597162289449044790128611431315608173479620748692396023242655233829373788729697
352399931766734395895849406328722873522313544110932495479303005996625827278607211004886920816450463797316383943228132467241522482279515132064214443473656253865050745947733335272807364561591367908831513505808179787139133019905517388867545479462062786401232766074721000069062205351152115435445737135294621540934069574704067129200320463762281734250601955791331355781849187992520835999865065956383184065825876807519804459366879906313479066404104391693552698077117250889728264454245164036199661026871246104595024360338
1139154112774784409110985149808417099193796067882690267145376126612138639425152110187319097313366058992409742243337411012504823433701169903229664583305687074431410092259468036285496807826751435970282847168935162970344055267035246400772910139545991052443475722739682626843215667059745111807496809961021090840295197120639903517320576111951202657137820145507797160533517984206828242934601109191735222673872885281966622653440578253240188685454764348364787911003553250325709428007664773374272310065521670802934689522361
2526922594991475691793901790966269202141760847062045548574834626402571462400905748434901426103903474353110437669225387118715641988510210330568175201438758709357447562504768304063514032173226305763430495262459338361462441974484710134746956585487358082765072727466577050874266426112358460584998056258670358636680343745711832234396828004558922810931489298967538078229580273917870692881079923131025848903798005773340392663745106695966910309023721824284461759400659467581614674247351939188169860884706804234104169877610
1139154112774784409110985149808417099193796067882690267145376126612138639425152110187319097313366058992409742243337411012504823433701169903229664583305687074431410092259468036285496807826751435970282847168935162970344055267035246400772910139545991052443475722739682626843215667059745111807496809961021090840295197120639903517320576111951202657137820145507797160533517984206828242934601109191735222673872885281966622653440578253240188685454764348364787911003553250325709428007664773374272310065521670802934689522361
567348077109203359911986942493184512988575258173643626343634894648974431335211766165480126452206731615370374091765693668392360338170578283089506950590000874500193642806994459780071373991971924021238213695268318282624909011945939689658106881217833794552044360247936760983827170791524078932202477596480580546789255561994396666052186469087115881181463285214486632131441705291464793352893266754552312386269478502567407787625258011795380644879291927633560510552381433836080907828959226145054907074761619224056230350542
907201710977253510605476615543117753433078560606517518469889918532243201425544525361505116236634348401777231689946224333422535278495097238800264587122086433254786063092938763928996455431994544773442808964165868728862916691536325327953564411454022146401061584114831752242064087971838596679874974653630741117900440026069007243234406582535405293632829043192002679157806768480975995615602371004184035262869468541102008120893742745981708094257199491331120862824962103446141802816031239109021558417885874315329949043698
142040795508970880656175040214694437141617951966899979335888211039084126688492329085661857210717786678966966407944976882811784006591042769539091484924516219816080764256872328814530358300972817766966487605066977854926997176377656971164396179766330008613465385744488266175405541821239965914366827829237673997416284844368379562952134493833537153111547141877834026072521714286623634159694393090352975812210081533718658054536229395483103705219617478353205203931050918923286174123955656122604728023192379102104774732049
3852164607973120260110287323275383343233921748861108031797728471768064434699276318351738957585487562589380822676147723473555056769156434997132643636577522119141689174084373826134030305805326581738577313693287231327746622997708904468136246622385238999473150087272857160203989138655972065739428564738207509254416241996066118577540118908455078757873551750179456064915455062008651425955378715723411839364750156442235934239573773306995413948597162289449044790128611431315608173479620748692396023242655233829373788729697
352399931766734395895849406328722873522313544110932495479303005996625827278607211004886920816450463797316383943228132467241522482279515132064214443473656253865050745947733335272807364561591367908831513505808179787139133019905517388867545479462062786401232766074721000069062205351152115435445737135294621540934069574704067129200320463762281734250601955791331355781849187992520835999865065956383184065825876807519804459366879906313479066404104391693552698077117250889728264454245164036199661026871246104595024360338
193334828523323912219831808826878392219543557022878905372165865966421951940006254450727104706695540781392299150385656483741050339870313031806645893012786198331144673874910247770493719627410449226056517860232016032389862137305380191971622511901620684734281505460071674729412524005771050092863402299301180990564192663942286309809683574844726553171659690053719423719698203514818804876225581053319169286114227320508112296149847736332808637096700221593149932833623401984001141785058290464318996994611975211905618673118
3787862077615829883360849216603505494957355692206933160420281042646471296068419458681534799689048333241289358301519377911379822787010642307378480233664818959498427069405564276611186665108124943877055686442270320642251459912871272906252061410157563653634991994168834142256116467648091835585264685350835037655972424022647731394872634896931644557185869447012653508146266214074771847437287797016423346886266136910714242284368434596947865694365433260500594047958807311489800712471212282530743908110237588490881305924898
1604115317822837451799144002469847475111560773796169483864349902785839761986094753584688559023104860781102581725734427033776032857275822567658651598150119891060316884704833184024862646147958446230563973542601690197138799690418783705668856324463146254601759630259965409407849150222418484966066079581362821352005059549217786512404320328054003119186166113696110500260126153644984500575680908944356122881401560206979862135041243412165219345883408227902110846278559662956020394929943003446199803669383150720867249649781
3852164607973120260110287323275383343233921748861108031797728471768064434699276318351738957585487562589380822676147723473555056769156434997132643636577522119141689174084373826134030305805326581738577313693287231327746622997708904468136246622385238999473150087272857160203989138655972065739428564738207509254416241996066118577540118908455078757873551750179456064915455062008651425955378715723411839364750156442235934239573773306995413948597162289449044790128611431315608173479620748692396023242655233829373788729697
2010000015804785617508882159255141273715510900032099613793887625913128222999568829358203784686509103166813650867939140732288721543860270734992274086412448866216413446596472973720123636786237663733714644155627712813619474312129091472164671043820616762803753834938329875731530632278178297953711860667589154984794105659730575956248718839007486549327306146087276029429209793730316393224629407707259739101160749226247533815571756637323229254723448469657946084276756460776131584141671403242341887768388133966195119310633
1761560382522489526094454485394878561529805721938571488512493673871245668288591263513249698565658226288495790250029115726326806522576748877918641264377589661428845379620625481387839182211250913928920335690650614203129322499038621954034449919728966469209786806387207012652328938379511426070741882104634730934182434760646693394588936521877645411508333114417553705095148662012400754963432462774815416908692038041637531026036739286927388361945458145009649503318666950486637786444533317937750239934003993933050233432436
3297108722740679590605756837776437995559714660655540414717797016672108332485832934262663771669245072747812896466566946891125567979258680150191045546682226356252030986792474883068119137996629118046932124045648283428820784999248758379773759661211159261846893051375986940767126793644565428563396508947852154320278082879083745975025125952388616853648865768666923159027365906170313452198243587657414916201387309066747453846632390368241210788108265491365126603724630024221250155695940164558881432332661285274855889771984
567348077109203359911986942493184512988575258173643626343634894648974431335211766165480126452206731615370374091765693668392360338170578283089506950590000874500193642806994459780071373991971924021238213695268318282624909011945939689658106881217833794552044360247936760983827170791524078932202477596480580546789255561994396666052186469087115881181463285214486632131441705291464793352893266754552312386269478502567407787625258011795380644879291927633560510552381433836080907828959226145054907074761619224056230350542
1139154112774784409110985149808417099193796067882690267145376126612138639425152110187319097313366058992409742243337411012504823433701169903229664583305687074431410092259468036285496807826751435970282847168935162970344055267035246400772910139545991052443475722739682626843215667059745111807496809961021090840295197120639903517320576111951202657137820145507797160533517984206828242934601109191735222673872885281966622653440578253240188685454764348364787911003553250325709428007664773374272310065521670802934689522361
3961143185526495564654560093217398624651265953853274203629951726212880375274768088737326313720018926157416516653921592897112237511888494740214531354915560786294274234880870186447720929368989625586148933398190367114556213637640690664992639821735876946658164962808827680551882310772029095049606668996906091230025839173227527040295449487731957356417931101074754445315671313328292049665655267245940599518323057579071535528575952951215389226621205325279215073651272120510832807458781117046172119977874185780982141707685
2858195862462421696544790335932285321049308531763929302659376641762514380731879659953256675777485126034526257013803041584157851652765269112247058197628509606521245112603137206673021045066064098820684771263123653609821879184453781943775498381579100912903383392495943168055499541609112799687898243086046818640912526215623148353283544992192567252799993210609935744369493056221372536380370525889521343144716959406410972328433026211006935626391750216247521616170185424802099765178972629784791151087477424479137950134703
3901690650069295045294500491565347623413622107515250626384607476225640716785345415541078050903993618315168503676303056664973424296205721141160693620179304548109297689064306760117624395902887696979504024612874294768274489285782294783012284649141492143920312420830091516080047688322795864079242964179320534018799320874712530706567542564233948105948360608672751157374883791482033907269031114996793094737025950818684219410929820970862869901070051025705303327668779080805074865824128899564347886273247944264129018470579
1761560382522489526094454485394878561529805721938571488512493673871245668288591263513249698565658226288495790250029115726326806522576748877918641264377589661428845379620625481387839182211250913928920335690650614203129322499038621954034449919728966469209786806387207012652328938379511426070741882104634730934182434760646693394588936521877645411508333114417553705095148662012400754963432462774815416908692038041637531026036739286927388361945458145009649503318666950486637786444533317937750239934003993933050233432436
4250956588200031652469530327475296495397864650018241783674233727458220636525161773584397952599565654289058646574386855318181441258067007941730240488195561370382417832365672606628861220030826312839090369093852452819330768271511623079804107612914754583826873754101840192144577286372940024743112112655724628845002543514685971542365982538039112322721958172150262555555383670290555185871392882169331679332342712066404002697366610634682445976066590286360157847448679102710772896245352378581112354843450725916682669542
3852164607973120260110287323275383343233921748861108031797728471768064434699276318351738957585487562589380822676147723473555056769156434997132643636577522119141689174084373826134030305805326581738577313693287231327746622997708904468136246622385238999473150087272857160203989138655972065739428564738207509254416241996066118577540118908455078757873551750179456064915455062008651425955378715723411839364750156442235934239573773306995413948597162289449044790128611431315608173479620748692396023242655233829373788729697
3901690650069295045294500491565347623413622107515250626384607476225640716785345415541078050903993618315168503676303056664973424296205721141160693620179304548109297689064306760117624395902887696979504024612874294768274489285782294783012284649141492143920312420830091516080047688322795864079242964179320534018799320874712530706567542564233948105948360608672751157374883791482033907269031114996793094737025950818684219410929820970862869901070051025705303327668779080805074865824128899564347886273247944264129018470579
854817641735458586901065283577111317268907393679285872991815300569633921201214787710155589014886841686427473906881153975326962989729048967973305612749000267777597721603964600685261708775793808905665872335550957466968455396495597498392800515203709859428951427342745652528238938020813463175403719266614983323759246917144365273764478739141507204755990376478563859237714066548882088443967365673671036208936076863528497628643176548479177774682626763540379863461069254405004767750725658142752920002705425017298960082024
3852164607973120260110287323275383343233921748861108031797728471768064434699276318351738957585487562589380822676147723473555056769156434997132643636577522119141689174084373826134030305805326581738577313693287231327746622997708904468136246622385238999473150087272857160203989138655972065739428564738207509254416241996066118577540118908455078757873551750179456064915455062008651425955378715723411839364750156442235934239573773306995413948597162289449044790128611431315608173479620748692396023242655233829373788729697
3965397593977471379313384404311457249024593441101161007954240942847899872897390349686660287034745403698800961544006171477437927768636225566211508006832733882559089855814616231560990913693221730009639113884029517710827492082253208150297475800922893448979023596685084544330332356066879802748481657078607454060164508796013622623354295343290931241941292271908967370649129512809142948801725053952954767676499034384434795592746081885843664006975393858690210109215414908250567446663035527558026811543340799930704248770596
1139154112774784409110985149808417099193796067882690267145376126612138639425152110187319097313366058992409742243337411012504823433701169903229664583305687074431410092259468036285496807826751435970282847168935162970344055267035246400772910139545991052443475722739682626843215667059745111807496809961021090840295197120639903517320576111951202657137820145507797160533517984206828242934601109191735222673872885281966622653440578253240188685454764348364787911003553250325709428007664773374272310065521670802934689522361
3961143185526495564654560093217398624651265953853274203629951726212880375274768088737326313720018926157416516653921592897112237511888494740214531354915560786294274234880870186447720929368989625586148933398190367114556213637640690664992639821735876946658164962808827680551882310772029095049606668996906091230025839173227527040295449487731957356417931101074754445315671313328292049665655267245940599518323057579071535528575952951215389226621205325279215073651272120510832807458781117046172119977874185780982141707685
1643243953587544177458081128047895838065770713828058786463894865086465295609189225290162630353959489181638417034620963020470730811392294649073330466880852991709595764264498492384563185664163986450319914268309615733614894127756003716438289229188737584393926556236774226200393763885442768481312275896745468990099820719646993035078446274103743810522272130875212164754306376870861641350065912118217417490313667592939209138968088128361877763825678582956063981688060273173733289620723120038178180861647578143865720390364
2858195862462421696544790335932285321049308531763929302659376641762514380731879659953256675777485126034526257013803041584157851652765269112247058197628509606521245112603137206673021045066064098820684771263123653609821879184453781943775498381579100912903383392495943168055499541609112799687898243086046818640912526215623148353283544992192567252799993210609935744369493056221372536380370525889521343144716959406410972328433026211006935626391750216247521616170185424802099765178972629784791151087477424479137950134703
2046655962312293552374122631379971977402437188155041770330287815550586936570011044276504616775727003706109263259951210726927532549552267099414976281514248710963661318927151885927618749996554134127686740113245311966077549254667765374094013133069512221822905200332121877707805582201808269372702389894695962002643464303063920750795514125716081813830068526908919236265261614082223586284339997610127276366814366788035142585760843524978759019107937241493885224715937271968675727198066444743752335698385528834061177984998
2858195862462421696544790335932285321049308531763929302659376641762514380731879659953256675777485126034526257013803041584157851652765269112247058197628509606521245112603137206673021045066064098820684771263123653609821879184453781943775498381579100912903383392495943168055499541609112799687898243086046818640912526215623148353283544992192567252799993210609935744369493056221372536380370525889521343144716959406410972328433026211006935626391750216247521616170185424802099765178972629784791151087477424479137950134703
854817641735458586901065283577111317268907393679285872991815300569633921201214787710155589014886841686427473906881153975326962989729048967973305612749000267777597721603964600685261708775793808905665872335550957466968455396495597498392800515203709859428951427342745652528238938020813463175403719266614983323759246917144365273764478739141507204755990376478563859237714066548882088443967365673671036208936076863528497628643176548479177774682626763540379863461069254405004767750725658142752920002705425017298960082024
2526922594991475691793901790966269202141760847062045548574834626402571462400905748434901426103903474353110437669225387118715641988510210330568175201438758709357447562504768304063514032173226305763430495262459338361462441974484710134746956585487358082765072727466577050874266426112358460584998056258670358636680343745711832234396828004558922810931489298967538078229580273917870692881079923131025848903798005773340392663745106695966910309023721824284461759400659467581614674247351939188169860884706804234104169877610
3852164607973120260110287323275383343233921748861108031797728471768064434699276318351738957585487562589380822676147723473555056769156434997132643636577522119141689174084373826134030305805326581738577313693287231327746622997708904468136246622385238999473150087272857160203989138655972065739428564738207509254416241996066118577540118908455078757873551750179456064915455062008651425955378715723411839364750156442235934239573773306995413948597162289449044790128611431315608173479620748692396023242655233829373788729697
3965397593977471379313384404311457249024593441101161007954240942847899872897390349686660287034745403698800961544006171477437927768636225566211508006832733882559089855814616231560990913693221730009639113884029517710827492082253208150297475800922893448979023596685084544330332356066879802748481657078607454060164508796013622623354295343290931241941292271908967370649129512809142948801725053952954767676499034384434795592746081885843664006975393858690210109215414908250567446663035527558026811543340799930704248770596
3852164607973120260110287323275383343233921748861108031797728471768064434699276318351738957585487562589380822676147723473555056769156434997132643636577522119141689174084373826134030305805326581738577313693287231327746622997708904468136246622385238999473150087272857160203989138655972065739428564738207509254416241996066118577540118908455078757873551750179456064915455062008651425955378715723411839364750156442235934239573773306995413948597162289449044790128611431315608173479620748692396023242655233829373788729697
352399931766734395895849406328722873522313544110932495479303005996625827278607211004886920816450463797316383943228132467241522482279515132064214443473656253865050745947733335272807364561591367908831513505808179787139133019905517388867545479462062786401232766074721000069062205351152115435445737135294621540934069574704067129200320463762281734250601955791331355781849187992520835999865065956383184065825876807519804459366879906313479066404104391693552698077117250889728264454245164036199661026871246104595024360338
193334828523323912219831808826878392219543557022878905372165865966421951940006254450727104706695540781392299150385656483741050339870313031806645893012786198331144673874910247770493719627410449226056517860232016032389862137305380191971622511901620684734281505460071674729412524005771050092863402299301180990564192663942286309809683574844726553171659690053719423719698203514818804876225581053319169286114227320508112296149847736332808637096700221593149932833623401984001141785058290464318996994611975211905618673118
3787862077615829883360849216603505494957355692206933160420281042646471296068419458681534799689048333241289358301519377911379822787010642307378480233664818959498427069405564276611186665108124943877055686442270320642251459912871272906252061410157563653634991994168834142256116467648091835585264685350835037655972424022647731394872634896931644557185869447012653508146266214074771847437287797016423346886266136910714242284368434596947865694365433260500594047958807311489800712471212282530743908110237588490881305924898
1604115317822837451799144002469847475111560773796169483864349902785839761986094753584688559023104860781102581725734427033776032857275822567658651598150119891060316884704833184024862646147958446230563973542601690197138799690418783705668856324463146254601759630259965409407849150222418484966066079581362821352005059549217786512404320328054003119186166113696110500260126153644984500575680908944356122881401560206979862135041243412165219345883408227902110846278559662956020394929943003446199803669383150720867249649781
1139154112774784409110985149808417099193796067882690267145376126612138639425152110187319097313366058992409742243337411012504823433701169903229664583305687074431410092259468036285496807826751435970282847168935162970344055267035246400772910139545991052443475722739682626843215667059745111807496809961021090840295197120639903517320576111951202657137820145507797160533517984206828242934601109191735222673872885281966622653440578253240188685454764348364787911003553250325709428007664773374272310065521670802934689522361
654865512627485469818662875223109698511887629034850651573284286445720242974053981183340592305565299443314290389661448732965021905408092177915496095306416022936159833382706728270146754657511280457333513826489359421636711093633195238633846042914104202105818555846884800834286955293275677591132545269890003283880324645149480976005534700267924152981069790475423023260917868221232998590519814568514469197882247892066817608767994645592997395694190762844211282779392718910198923052260368133908852674452887137287063030091
3852164607973120260110287323275383343233921748861108031797728471768064434699276318351738957585487562589380822676147723473555056769156434997132643636577522119141689174084373826134030305805326581738577313693287231327746622997708904468136246622385238999473150087272857160203989138655972065739428564738207509254416241996066118577540118908455078757873551750179456064915455062008651425955378715723411839364750156442235934239573773306995413948597162289449044790128611431315608173479620748692396023242655233829373788729697
2046655962312293552374122631379971977402437188155041770330287815550586936570011044276504616775727003706109263259951210726927532549552267099414976281514248710963661318927151885927618749996554134127686740113245311966077549254667765374094013133069512221822905200332121877707805582201808269372702389894695962002643464303063920750795514125716081813830068526908919236265261614082223586284339997610127276366814366788035142585760843524978759019107937241493885224715937271968675727198066444743752335698385528834061177984998
854817641735458586901065283577111317268907393679285872991815300569633921201214787710155589014886841686427473906881153975326962989729048967973305612749000267777597721603964600685261708775793808905665872335550957466968455396495597498392800515203709859428951427342745652528238938020813463175403719266614983323759246917144365273764478739141507204755990376478563859237714066548882088443967365673671036208936076863528497628643176548479177774682626763540379863461069254405004767750725658142752920002705425017298960082024
2010000015804785617508882159255141273715510900032099613793887625913128222999568829358203784686509103166813650867939140732288721543860270734992274086412448866216413446596472973720123636786237663733714644155627712813619474312129091472164671043820616762803753834938329875731530632278178297953711860667589154984794105659730575956248718839007486549327306146087276029429209793730316393224629407707259739101160749226247533815571756637323229254723448469657946084276756460776131584141671403242341887768388133966195119310633
1761560382522489526094454485394878561529805721938571488512493673871245668288591263513249698565658226288495790250029115726326806522576748877918641264377589661428845379620625481387839182211250913928920335690650614203129322499038621954034449919728966469209786806387207012652328938379511426070741882104634730934182434760646693394588936521877645411508333114417553705095148662012400754963432462774815416908692038041637531026036739286927388361945458145009649503318666950486637786444533317937750239934003993933050233432436
3297108722740679590605756837776437995559714660655540414717797016672108332485832934262663771669245072747812896466566946891125567979258680150191045546682226356252030986792474883068119137996629118046932124045648283428820784999248758379773759661211159261846893051375986940767126793644565428563396508947852154320278082879083745975025125952388616853648865768666923159027365906170313452198243587657414916201387309066747453846632390368241210788108265491365126603724630024221250155695940164558881432332661285274855889771984
567348077109203359911986942493184512988575258173643626343634894648974431335211766165480126452206731615370374091765693668392360338170578283089506950590000874500193642806994459780071373991971924021238213695268318282624909011945939689658106881217833794552044360247936760983827170791524078932202477596480580546789255561994396666052186469087115881181463285214486632131441705291464793352893266754552312386269478502567407787625258011795380644879291927633560510552381433836080907828959226145054907074761619224056230350542
1139154112774784409110985149808417099193796067882690267145376126612138639425152110187319097313366058992409742243337411012504823433701169903229664583305687074431410092259468036285496807826751435970282847168935162970344055267035246400772910139545991052443475722739682626843215667059745111807496809961021090840295197120639903517320576111951202657137820145507797160533517984206828242934601109191735222673872885281966622653440578253240188685454764348364787911003553250325709428007664773374272310065521670802934689522361
3961143185526495564654560093217398624651265953853274203629951726212880375274768088737326313720018926157416516653921592897112237511888494740214531354915560786294274234880870186447720929368989625586148933398190367114556213637640690664992639821735876946658164962808827680551882310772029095049606668996906091230025839173227527040295449487731957356417931101074754445315671313328292049665655267245940599518323057579071535528575952951215389226621205325279215073651272120510832807458781117046172119977874185780982141707685
352399931766734395895849406328722873522313544110932495479303005996625827278607211004886920816450463797316383943228132467241522482279515132064214443473656253865050745947733335272807364561591367908831513505808179787139133019905517388867545479462062786401232766074721000069062205351152115435445737135294621540934069574704067129200320463762281734250601955791331355781849187992520835999865065956383184065825876807519804459366879906313479066404104391693552698077117250889728264454245164036199661026871246104595024360338
1761560382522489526094454485394878561529805721938571488512493673871245668288591263513249698565658226288495790250029115726326806522576748877918641264377589661428845379620625481387839182211250913928920335690650614203129322499038621954034449919728966469209786806387207012652328938379511426070741882104634730934182434760646693394588936521877645411508333114417553705095148662012400754963432462774815416908692038041637531026036739286927388361945458145009649503318666950486637786444533317937750239934003993933050233432436
3586570492776255977701541934162909332166372780815965211984156507207490719170126409568274809686925730207803821604031423817645046625328419490030619057756743248705418452164078105166028597820906674942299066589093684411531388400463681069906252059021125718725365171612575706965869039426193550672363089657944291037883935851734751707058374235611406410390487593371580266444025453029636647500437359880818458351383161761757634923997331221449386887414027436234833692788053408604166730904451490910725128778356066134726711041980
